15753
57253
45887
63665
3159
47339
14557
45098
16133
17458
28266
8604
26087
24560
18039
40352
22569
53930
64626
19016
8093
14375
46265
43670
18736
14379
43122
48123
36017
28866
52596
14832
57481
19283
27777
57165
21026
15075
23664
11359
61180
18510
3729
12003
52854
65117
25380
34656
54789
43058
29451
54533
10886
55399
27011
22448
50778
35611
60610
58816
20209
8422
57880
56072
51669
26803
63726
56742
4864
62232
62165
55112
8518
48927
9561
19294
64296
48813
63293
59254
21458
50303
54757
20634
50803
46760
15323
28978
35574
45944
15896
62752
56190
35740
50725
59257
31562
10092
10842
7411
24269
16135
30530
63973
10135
8551
9215
20706
23974
1521
31565
20938
16618
47842
4715
28404
448
8472
49679
35012
50084
16344
47816
50809
13153
18738
12623
5801
46784
26070
26409
6600
26827
52782
23593
3839
40906
39422
36125
32218
41744
53355
52750
43083
21316
60470
33535
5724
49563
2891
25441
45541
18022
61922
12931
15075
26402
32942
48338
20281
27783
5868
15964
43096
41915
62752
38373
35207
63381
14341
16371
65482
31054
38105
43606
35728
2150
3411
39300
64062
6303
18902
57647
42191
30933
57596
55338
26413
26277
17311
42965
33825
28382
18751
51356
16821
62200
61845
49762
29687
21826
8724
12464
59084
2421
14543
23036
50301
11110
52862
38632
48359
62060
65241
48413
64090
56158
56830
41103
27615
50691
15086
6364
51930
27245
36582
22078
6678
28815
40829
28100
26809
25967
19058
3520
536
42776
38403
9671
9957
57311
9182
53165
6726
37955
46999
64573
216
47482
38887
52808
30272
63329
9395
23594
10870
41922
18035
59989
32790
18523
7952
62490
25477
36291
9282
21009
9603
13478
4256
595
27944
45549
44779
64886
39859
29343
47875
51007
43519
32492
396
10864
27220
31184
41731
40753
41934
63943
17633
693
1271
10268
60386
32764
60357
1192
55733
17505
22529
48327
48794
64001
36057
11047
51426
7566
21675
56270
2392
26517
4549
12791
30795
27256
46559
32034
56262
43257
62104
44350
24715
11521
60901
50326
58614
42561
6132
19975
33602
25478
27431
49325
40960
54235
1119
27801
44597
23665
10390
63374
36004
8607
7749
37529
11195
17136
52329
31428
27013
3978
34707
27963
23833
59572
28212
62374
50638
7838
59910
40195
57296
49081
31662
47993
26700
30595
41367
19903
19200
36443
6537
39843
64095
27606
47264
24260
18018
42826
52283
17307
7487
27224
15265
10398
47221
22059
10920
56159
36987
6489
33985
39598
3566
49375
56053
23179
22710
36376
16755
32891
10361
46285
8198
30068
58876
757
7903
15261
22371
46768
52330
735
4410
427
15344
9357
55485
12975
34227
46627
26805
45550
47656
4554
50689
55762
57729
60132
43911
57381
2209
14869
64353
4378
3006
2213
33914
23332
52949
50096
32052
54723
21453
46574
36053
31498
44822
55278
6963
41343
13494
43965
24552
65208
29401
65406
38265
43184
10881
31610
4200
61575
38187
57647
21367
17392
60756
687
41206
60958
35329
14891
53578
30059
30986
39213
14683
675
37687
3040
17457
16857
40519
16251
45639
15778
28269
35087
39683
1053
47184
13464
47544
21595
43287
16579
60397
63969
35106
25466
16959
58979
62065
25372
38100
1696
11154
2528
10193
29114
21797
49461
53274
4614
33137
54087
62688
40391
56541
22176
17335
30102
33269
25648
31451
18403
52748
49181
7381
42221
21235
64251
33125
42842
16546
167
40547
39729
9636
23811
10191
61965
41092
23281
42316
40803
26100
49092
46250
9765
20708
53990
35149
41138
59815
48958
30605
117
29169
8146
60821
49937
29390
48073
4429
45694
37477
30017
34979
45972
1872
11044
61258
40514
59624
36282
42772
874
21899
33126
1693
14658
35680
53220
12626
6004
40016
22554
58421
15201
64659
15293
18523
12744
21169
25274
63299
27018
21181
2796
8715
47530
6775
37182
37742
40783
11261
37981
43420
11710
24107
31370
35004
13782
40883
4264
36179
7056
23051
51671
22325
35293
24130
20983
52876
3742
13657
62330
62603
11681
15044
24429
40334
43147
16336
59027
53865
18148
27810
10559
18144
64308
23877
51860
21553
46199
61735
14335
15381
52407
10154
6301
11069
55792
38775
20179
52792
42164
22013
35370
8435
23414
27532
30091
1101
24915
34024
26502
44609
42713
26386
50397
5280
39388
37899
47622
24661
57924
35151
39990
27588
17375
26933
50944
29342
48217
47478
40405
55434
59211
4375
501
13927
42107
8450
60227
26700
11496
58148
21875
55461
9616
65024
41284
47952
47628
33965
15260
54985
30859
18281
32716
7461
7056
25966
41052
64409
59260
57324
65455
31036
63826
38434
61613
3456
17671
32206
54536
22560
60101
42948
2955
28608
36711
57534
649
28173
3179
39072
613
55427
53621
26817
12083
59340
58668
45652
47149
58806
30538
41877
58683
36617
16873
41563
30564
51992
38785
61494
48634
5027
27845
1252
34991
35849
9503
59995
17478
17292
36089
4063
44252
13287
39345
59920
33672
48965
2873
2720
7790
18449
27180
34269
53105
50462
36338
50313
26631
16093
33929
45058
19744
423
32748
19326
60999
7957
10051
47558
11282
61453
6938
47400
34051
35791
40735
16867
19019
14674
41133
3150
51436
26797
56045
54656
13414
44427
48792
43448
16372
62175
20519
54618
4000
59045
8754
20077
29725
41836
24214
756
255
24655
56993
62278
21888
28582
15476
62456
4634
54547
40244
24601
12711
1226
30627
35889
26948
64696
34007
62205
30619
27686
17389
34988
59392
23665
25932
28270
20795
7512
8573
6394
59404
46461
63960
30540
54192
58487
57837
32163
56428
49980
1662
51712
10788
10802
46489
42292
4418
26068
43529
5179
42770
7234
46631
52106
41560
2797
32375
53026
6591
60600
22118
12599
1447
8743
2187
27612
7880
57084
15088
6959
13386
44873
34439
41672
25553
8589
16956
27912
37281
38985
25966
48099
65456
33759
60932
23183
11663
8633
33602
13586
4534
61395
62261
57202
58403
10286
60434
16740
54251
11955
28861
58944
10762
2474
61154
14972
11606
59828
12545
18950
2725
56876
16058
17331
39594
1619
25791
10306
63896
37606
21334
3246
62715
30503
31147
19196
40755
47034
25691
55143
14149
23027
2581
52533
46088
21245
10499
41970
58611
50177
26193
32255
21902
56243
64920
43648
7339
60980
58311
61683
64168
36520
12097
6737
46091
35392
61651
40147
21603
44839
62964
27319
61989
60149
59361
58251
